0.01	-7.3762	-0.1791382	0.0008012363
0.020017	-7.388001	-0.1801554	0.000106974
0.030034	-7.388102	-0.1802572	0.0001010447
0.040051	-7.388509	-0.1808675	7.712115E-05
0.050068	-7.388204	-0.1801554	9.503779E-05
0.060085	-7.388204	-0.180664	9.503779E-05
0.070102	-7.388611	-0.1802572	7.114046E-05
0.080119	-7.388001	-0.180664	0.000106974
0.090136	-7.38861	-0.1804606	7.119225E-05
0.100153	-7.38912	-0.1805624	4.118653E-05
0.11017	-7.388407	-0.179952	8.310191E-05
0.120187	-7.38861	-0.1803589	7.119225E-05
0.130204	-7.388611	-0.1800537	7.114046E-05
0.140221	-7.389424	-0.1808676	2.334977E-05
0.150238	-7.388611	-0.1803589	7.114046E-05
0.160255	-7.388611	-0.1805623	7.114046E-05
0.170272	-7.389018	-0.1809692	4.719268E-05
0.180289	-7.388916	-0.1803589	5.319892E-05
0.190306	-7.388509	-0.1808675	7.712115E-05
0.200323	-7.388611	-0.1803589	7.114046E-05
0.21034	-7.388306	-0.1802572	8.903097E-05
0.220357	-7.389425	-0.1800537	2.3298E-05
0.230374	-7.389425	-0.1803589	2.3298E-05
0.240391	-7.388712	-0.1798503	6.518576E-05
0.250408	-7.389425	-0.1800537	2.3298E-05
0.260425	-7.388611	-0.179952	7.114046E-05
0.270442	-7.389221	-0.1802572	3.525812E-05
0.280459	-7.388712	-0.1804606	6.518576E-05
0.290476	-7.389527	-0.1811727	1.729217E-05
0.300493	-7.389018	-0.1803588	4.719268E-05
0.31051	-7.389424	-0.1809692	2.334977E-05
0.320527	-7.38912	-0.180664	4.118653E-05
0.330544	-7.388916	-0.1800537	5.319892E-05
0.340561	-7.389831	-0.1808675	-5.694909E-07
0.350578	-7.388916	-0.1801554	5.319892E-05
0.360595	-7.388916	-0.1804606	5.319892E-05
0.370612	-7.389119	-0.180664	4.126419E-05
0.380629	-7.389018	-0.1802572	4.719268E-05
0.390646	-7.388611	-0.1801554	7.114046E-05
0.400663	-7.388814	-0.1802572	5.917935E-05
0.41068	-7.389119	-0.1808675	4.126419E-05
0.420697	-7.388814	-0.180664	5.917935E-05
0.430714	-7.38912	-0.1804606	4.118653E-05
0.440731	-7.389526	-0.1808675	1.734395E-05
0.450748	-7.389425	-0.1808675	2.3298E-05
0.460765	-7.389628	-0.1802572	1.13382E-05
0.470782	-7.389526	-0.1807658	1.734395E-05
0.480799	-7.389628	-0.1806641	1.13382E-05
0.490816	-7.389527	-0.1807658	1.729217E-05
0.500833	-7.38912	-0.1801554	4.118653E-05
0.51085	-7.389526	-0.1801554	1.734395E-05
0.520867	-7.389831	-0.1809693	-5.694909E-07
0.530884	-7.388611	-0.1804606	7.114046E-05
0.540901	-7.389628	-0.1807658	1.13382E-05
0.550918	-7.389729	-0.1808675	5.410201E-06
0.560935	-7.388713	-0.1807658	6.513398E-05
0.570952	-7.389628	-0.1809692	1.13382E-05
0.580969	-7.38973	-0.1808676	5.358429E-06
0.590986	-7.38912	-0.179952	4.118653E-05
0.601003	-7.389323	-0.1806641	2.925213E-05
0.61102	-7.389831	-0.1803589	-5.694909E-07
0.621037	-7.38973	-0.1805623	5.358429E-06
0.631054	-7.38973	-0.1808675	5.358429E-06
0.641071	-7.389425	-0.1802572	2.3298E-05
0.651088	-7.389527	-0.1804606	1.729217E-05
0.661105	-7.389526	-0.1806641	1.734395E-05
0.671122	-7.38973	-0.1803589	5.358429E-06
0.681139	-7.38973	-0.1805624	5.358429E-06
0.691156	-7.389628	-0.1805623	1.13382E-05
0.701173	-7.389527	-0.1803589	1.729217E-05
0.71119	-7.389628	-0.1800537	1.13382E-05
0.721207	-7.389526	-0.1803589	1.734395E-05
0.731224	-7.390238	-0.1807658	-2.448744E-05
0.741241	-7.390442	-0.1805624	-3.649768E-05
0.751258	-7.389628	-0.1808675	1.13382E-05
0.761275	-7.390239	-0.1805623	-2.45392E-05
0.771292	-7.390035	-0.1806641	-1.25804E-05
0.781309	-7.390442	-0.1805623	-3.649768E-05
0.791326	-7.389933	-0.1809693	-6.574986E-06
0.801343	-7.38973	-0.1805623	5.358429E-06
0.81136	-7.390136	-0.1807658	-1.848219E-05
0.821377	-7.390035	-0.1810709	-1.25804E-05
0.831394	-7.390136	-0.1804606	-1.848219E-05
0.841411	-7.389628	-0.1805623	1.13382E-05
0.851428	-7.390442	-0.1808675	-3.649768E-05
0.861445	-7.389018	-0.1808675	4.719268E-05
0.871462	-7.390442	-0.1803589	-3.649768E-05
0.881479	-7.389831	-0.1802571	-5.694909E-07
0.891496	-7.390137	-0.1810709	-1.858573E-05
0.901513	-7.39034	-0.1807658	-3.04926E-05
0.91153	-7.39034	-0.1805623	-3.04926E-05
0.921547	-7.389222	-0.1801554	3.520634E-05
0.931564	-7.38973	-0.1802572	5.358429E-06
0.941581	-7.39034	-0.1806641	-3.04926E-05
0.951598	-7.390035	-0.1804606	-1.25804E-05
0.961615	-7.389933	-0.1807658	-6.574986E-06
0.971632	-7.38973	-0.1801554	5.358429E-06
0.981649	-7.390035	-0.1803589	-1.25804E-05
0.991666	-7.389527	-0.1803589	1.729217E-05
1.001683	-7.389323	-0.1806641	2.925213E-05
1.0117	-7.390035	-0.1808675	-1.25804E-05
1.021717	-7.390544	-0.181071	-4.250268E-05
1.031734	-7.389628	-0.1805624	1.13382E-05
1.041751	-7.39034	-0.1804606	-3.04926E-05
1.051768	-7.390238	-0.1805624	-2.448744E-05
1.061785	-7.390137	-0.1805624	-1.858573E-05
1.071802	-7.390136	-0.1801554	-1.848219E-05
1.081819	-7.389729	-0.1804606	5.410201E-06
1.091836	-7.389832	-0.1811727	-6.212628E-07
1.101853	-7.390441	-0.1805623	-3.644592E-05
1.11187	-7.390035	-0.1804606	-1.25804E-05
1.121887	-7.39034	-0.181071	-3.04926E-05
1.131904	-7.390137	-0.1809692	-1.858573E-05
1.141921	-7.390442	-0.1804606	-3.649768E-05
1.151938	-7.39034	-0.1809692	-3.04926E-05
1.161955	-7.389933	-0.1806641	-6.574986E-06
1.171972	-7.390238	-0.1806641	-2.448744E-05
1.181989	-7.390238	-0.1803589	-2.448744E-05
1.192006	-7.39034	-0.1804606	-3.04926E-05
1.202023	-7.390239	-0.1802571	-2.45392E-05
1.21204	-7.390646	-0.1802572	-4.845583E-05
1.222057	-7.390035	-0.1806641	-1.25804E-05
1.232074	-7.390035	-0.1803589	-1.25804E-05
1.242091	-7.390747	-0.1808675	-5.44089E-05
1.252108	-7.390747	-0.1803589	-5.44089E-05
1.262125	-7.389933	-0.1802572	-6.574986E-06
1.272142	-7.390442	-0.1805623	-3.649768E-05
1.282159	-7.390035	-0.1800537	-1.25804E-05
1.292176	-7.390137	-0.1804606	-1.858573E-05
1.302193	-7.390137	-0.179952	-1.858573E-05
1.31221	-7.390442	-0.1805623	-3.649768E-05
1.322227	-7.390951	-0.1804606	-6.641832E-05
1.332244	-7.39034	-0.1806641	-3.04926E-05
1.342261	-7.390849	-0.1805623	-6.041365E-05
1.352278	-7.390748	-0.1808675	-5.446066E-05
1.362295	-7.389933	-0.1803588	-6.574986E-06
1.372312	-7.390238	-0.1801554	-2.448744E-05
1.382329	-7.390951	-0.1802572	-6.641832E-05
1.392346	-7.390646	-0.1807658	-4.845583E-05
1.402363	-7.39034	-0.179952	-3.04926E-05
1.41238	-7.390136	-0.1802571	-1.848219E-05
1.422397	-7.390951	-0.1808675	-6.641832E-05
1.432414	-7.390543	-0.1807658	-4.245091E-05
1.442431	-7.390646	-0.1807658	-4.845583E-05
1.452448	-7.390646	-0.1805623	-4.845583E-05
1.462465	-7.391154	-0.1804606	-7.832388E-05
1.472482	-7.39034	-0.1806641	-3.04926E-05
1.482499	-7.391459	-0.1811727	-9.623337E-05
1.492516	-7.390646	-0.1808675	-4.845583E-05
1.502533	-7.390441	-0.1807658	-3.644592E-05
1.51255	-7.390849	-0.1803588	-6.041365E-05
1.522567	-7.390543	-0.1807658	-4.245091E-05
1.532584	-7.391357	-0.1807658	-9.022911E-05
1.542601	-7.390849	-0.1807658	-6.041365E-05
1.552618	-7.390035	-0.1802572	-1.25804E-05
1.562635	-7.391255	-0.1806641	-8.427654E-05
1.572652	-7.390747	-0.1804606	-5.44089E-05
1.582669	-7.390849	-0.1804606	-6.041365E-05
1.592686	-7.390747	-0.1804606	-5.44089E-05
1.602703	-7.390747	-0.1806641	-5.44089E-05
1.61272	-7.390239	-0.1805623	-2.45392E-05
1.622737	-7.390747	-0.1808676	-5.44089E-05
1.632754	-7.390849	-0.1812744	-6.041365E-05
1.642771	-7.390747	-0.1807658	-5.44089E-05
1.652788	-7.390849	-0.1804606	-6.041365E-05
1.662805	-7.391154	-0.180664	-7.832388E-05
1.672822	-7.390238	-0.1805624	-2.448744E-05
1.682839	-7.39095	-0.1802572	-6.636655E-05
1.692856	-7.390849	-0.1805623	-6.041365E-05
1.702873	-7.390747	-0.1808675	-5.44089E-05
1.71289	-7.391154	-0.1808675	-7.832388E-05
1.722907	-7.390238	-0.1803589	-2.448744E-05
1.732924	-7.391052	-0.1803589	-7.231937E-05
1.742941	-7.391052	-0.1808675	-7.231937E-05
1.752958	-7.390442	-0.1804606	-3.649768E-05
1.762975	-7.391154	-0.1802572	-7.832388E-05
1.772992	-7.391154	-0.1805623	-7.832388E-05
1.783009	-7.390951	-0.1807658	-6.641832E-05
1.793026	-7.390441	-0.1800537	-3.644592E-05
1.803043	-7.390951	-0.180664	-6.641832E-05
1.81306	-7.390646	-0.1807658	-4.845583E-05
1.823077	-7.390646	-0.1803589	-4.845583E-05
1.833094	-7.390544	-0.1803589	-4.250268E-05
1.843111	-7.391255	-0.1807657	-8.427654E-05
1.853128	-7.390747	-0.1808675	-5.44089E-05
1.863145	-7.390849	-0.1803589	-6.041365E-05
1.873162	-7.39034	-0.1807658	-3.04926E-05
1.883179	-7.391459	-0.1807658	-9.623337E-05
1.893196	-7.391459	-0.1804606	-9.623337E-05
1.903213	-7.391866	-0.1808675	-0.0001201978
1.91323	-7.390951	-0.1803589	-6.641832E-05
1.923247	-7.390442	-0.1807658	-3.649768E-05
1.933264	-7.391154	-0.1806641	-7.832388E-05
1.943281	-7.390748	-0.1809692	-5.446066E-05
1.953298	-7.390849	-0.1802571	-6.041365E-05
1.963315	-7.390849	-0.1802572	-6.041365E-05
1.973332	-7.391053	-0.1807658	-7.24229E-05
1.983349	-7.390849	-0.1804606	-6.041365E-05
1.993366	-7.391459	-0.1808676	-9.623337E-05
2.003383	-7.390951	-0.1801554	-6.641832E-05
2.0134	-7.391053	-0.1804606	-7.24229E-05
2.023417	-7.391357	-0.1805624	-9.022911E-05
2.033434	-7.391357	-0.1809692	-9.022911E-05
2.043451	-7.391358	-0.1806641	-9.033264E-05
2.053468	-7.390747	-0.1802572	-5.44089E-05
2.063485	-7.391052	-0.1807658	-7.231937E-05
2.073502	-7.391357	-0.1811727	-9.022911E-05
2.083519	-7.391459	-0.1804606	-9.623337E-05
2.093536	-7.391256	-0.1808675	-8.43283E-05
2.103553	-7.391052	-0.1802572	-7.231937E-05
2.11357	-7.39034	-0.1803589	-3.04926E-05
2.123587	-7.390951	-0.1808675	-6.641832E-05
2.133604	-7.391256	-0.1809692	-8.43283E-05
2.143621	-7.391154	-0.1807658	-7.832388E-05
2.153638	-7.390849	-0.1801554	-6.041365E-05
2.163655	-7.391561	-0.1809692	-0.0001022375
2.173672	-7.391459	-0.1809692	-9.623337E-05
2.183689	-7.391154	-0.180664	-7.832388E-05
2.193706	-7.391255	-0.1801554	-8.427654E-05
2.203723	-7.391052	-0.1809692	-7.231937E-05
2.21374	-7.391663	-0.1809693	-0.0001082416
2.223757	-7.391561	-0.180664	-0.0001022375
2.233774	-7.391764	-0.1807658	-0.0001141939
2.243791	-7.391459	-0.1807658	-9.623337E-05
2.253808	-7.390849	-0.1803589	-6.041365E-05
2.263825	-7.391967	-0.1804606	-0.0001260981
2.273842	-7.390951	-0.1807658	-6.641832E-05
2.283859	-7.391561	-0.1808675	-0.0001022375
2.293876	-7.391459	-0.1803589	-9.623337E-05
2.303893	-7.390849	-0.1805623	-6.041365E-05
2.31391	-7.391561	-0.1807658	-0.0001022375
2.323927	-7.392069	-0.1804606	-0.0001321019
2.333944	-7.391357	-0.1807658	-9.022911E-05
2.343961	-7.390849	-0.1807658	-6.041365E-05
2.353978	-7.391255	-0.1802572	-8.427654E-05
2.363995	-7.391357	-0.179952	-9.022911E-05
2.374012	-7.391052	-0.180664	-7.231937E-05
2.384029	-7.391459	-0.179952	-9.623337E-05
2.394046	-7.391154	-0.1805623	-7.832388E-05
2.404063	-7.391459	-0.1807658	-9.623337E-05
2.41408	-7.391561	-0.1804606	-0.0001022375
2.424097	-7.391764	-0.1808676	-0.0001141939
2.434114	-7.391561	-0.1807658	-0.0001022375
2.444131	-7.390747	-0.1809692	-5.44089E-05
2.454148	-7.391256	-0.1802571	-8.43283E-05
2.464165	-7.391561	-0.1804606	-0.0001022375
2.474182	-7.391459	-0.1806641	-9.623337E-05
2.484199	-7.390849	-0.1804606	-6.041365E-05
2.494216	-7.391764	-0.1807658	-0.0001141939
2.504233	-7.391154	-0.1804606	-7.832388E-05
2.51425	-7.391255	-0.1808675	-8.427654E-05
2.524267	-7.391154	-0.1802572	-7.832388E-05
2.534284	-7.391561	-0.1807658	-0.0001022375
2.544301	-7.390849	-0.1802572	-6.041365E-05
2.554318	-7.391052	-0.1810709	-7.231937E-05
2.564335	-7.391967	-0.1802572	-0.0001260981
2.574352	-7.391459	-0.1809692	-9.623337E-05
2.584369	-7.390951	-0.1804606	-6.641832E-05
2.594386	-7.391052	-0.180664	-7.231937E-05
2.604403	-7.391357	-0.1807658	-9.022911E-05
2.61442	-7.391256	-0.1802572	-8.43283E-05
2.624437	-7.391967	-0.1804606	-0.0001260981
2.634454	-7.391866	-0.1805623	-0.0001201978
2.644471	-7.391561	-0.1807658	-0.0001022375
2.654488	-7.391357	-0.1801554	-9.022911E-05
2.664505	-7.392069	-0.1805623	-0.0001321019
2.674522	-7.391764	-0.180664	-0.0001141939
2.684539	-7.391663	-0.180664	-0.0001082416
2.694556	-7.391255	-0.1804606	-8.427654E-05
2.704573	-7.391764	-0.1808675	-0.0001141939
2.71459	-7.391764	-0.1808675	-0.0001141939
2.724607	-7.391256	-0.1804606	-8.43283E-05
2.734624	-7.391866	-0.1802572	-0.0001201978
2.744641	-7.391256	-0.1805623	-8.43283E-05
2.754658	-7.392069	-0.1806641	-0.0001321019
2.764675	-7.392375	-0.1806641	-0.0001500609
2.774692	-7.391764	-0.1803589	-0.0001141939
2.784709	-7.391256	-0.1805623	-8.43283E-05
2.794726	-7.391967	-0.1802572	-0.0001260981
2.804743	-7.391663	-0.1801554	-0.0001082416
2.81476	-7.391663	-0.1804606	-0.0001082416
2.824777	-7.391663	-0.1803589	-0.0001082416
2.834794	-7.391561	-0.1808676	-0.0001022375
2.844811	-7.391256	-0.1807658	-8.43283E-05
2.854828	-7.391866	-0.1808675	-0.0001201978
2.864845	-7.391866	-0.1803589	-0.0001201978
2.874862	-7.391765	-0.1803589	-0.0001142456
2.884879	-7.391866	-0.1806641	-0.0001201978
2.894896	-7.391663	-0.1803589	-0.0001082416
2.904913	-7.391968	-0.1805623	-0.0001261499
2.91493	-7.391967	-0.1804606	-0.0001260981
2.924947	-7.391764	-0.1802571	-0.0001141939
2.934964	-7.391765	-0.1805624	-0.0001142456
2.944981	-7.391459	-0.180664	-9.623337E-05
2.954998	-7.391663	-0.1808675	-0.0001082416
2.965015	-7.391968	-0.1807658	-0.0001261499
2.975032	-7.392069	-0.180664	-0.0001321019
2.985049	-7.391866	-0.1805624	-0.0001201978
2.995066	-7.391967	-0.1806641	-0.0001260981
3.005083	-7.392171	-0.1800537	-0.0001380538
3.0151	-7.391459	-0.1803589	-9.623337E-05
3.025117	-7.391459	-0.1802571	-9.623337E-05
3.035134	-7.391764	-0.1806641	-0.0001141939
3.045151	-7.392375	-0.1809692	-0.0001500609
3.055168	-7.391765	-0.1808676	-0.0001142456
3.065185	-7.391866	-0.1804606	-0.0001201978
3.075202	-7.392375	-0.180664	-0.0001500609
3.085219	-7.391561	-0.1802572	-0.0001022375
3.095236	-7.391764	-0.180664	-0.0001141939
3.105253	-7.392069	-0.1804606	-0.0001321019
3.11527	-7.392375	-0.1804606	-0.0001500609
3.125287	-7.391561	-0.1804606	-0.0001022375
3.135304	-7.392273	-0.1805623	-0.0001440574
3.145321	-7.391764	-0.1809692	-0.0001141939
3.155338	-7.391764	-0.1805623	-0.0001141939
3.165355	-7.392069	-0.1809692	-0.0001321019
3.175372	-7.391561	-0.179952	-0.0001022375
3.185389	-7.392069	-0.1808675	-0.0001321019
3.195406	-7.391357	-0.179952	-9.022911E-05
3.205423	-7.391866	-0.1806641	-0.0001201978
3.21544	-7.392476	-0.1804606	-0.0001560126
3.225457	-7.392171	-0.1807658	-0.0001380538
3.235474	-7.391967	-0.1807658	-0.0001260981
3.245491	-7.39268	-0.1806641	-0.0001680192
3.255508	-7.391967	-0.1803588	-0.0001260981
3.265525	-7.391866	-0.1802571	-0.0001201978
3.275542	-7.39268	-0.1805623	-0.0001680192
3.285559	-7.391459	-0.1805623	-9.623337E-05
3.295576	-7.391561	-0.180664	-0.0001022375
3.305593	-7.392477	-0.1805624	-0.0001560643
3.31561	-7.391765	-0.1810709	-0.0001142456
3.325627	-7.391866	-0.1806641	-0.0001201978
3.335644	-7.392375	-0.1805623	-0.0001500609
3.345661	-7.392375	-0.1805623	-0.0001500609
3.355678	-7.391765	-0.1805623	-0.0001142456
3.365695	-7.392069	-0.1805623	-0.0001321019
3.375712	-7.391764	-0.1807658	-0.0001141939
3.385729	-7.392477	-0.1807658	-0.0001560643
3.395746	-7.392069	-0.1808675	-0.0001321019
3.405763	-7.392171	-0.1802572	-0.0001380538
3.41578	-7.392171	-0.1805624	-0.0001380538
3.425797	-7.391764	-0.1807658	-0.0001141939
3.435814	-7.391968	-0.1803589	-0.0001261499
3.445831	-7.391968	-0.1808675	-0.0001261499
3.455848	-7.392171	-0.1809692	-0.0001380538
3.465865	-7.391866	-0.1807658	-0.0001201978
3.475882	-7.392069	-0.181071	-0.0001321019
3.485899	-7.391663	-0.1805623	-0.0001082416
3.495916	-7.392069	-0.1805624	-0.0001321019
3.505933	-7.392476	-0.1809692	-0.0001560126
3.51595	-7.391967	-0.1805624	-0.0001260981
3.525967	-7.392171	-0.1808675	-0.0001380538
3.535984	-7.392069	-0.1806641	-0.0001321019
3.546001	-7.391866	-0.1804606	-0.0001201978
3.556018	-7.392375	-0.1808675	-0.0001500609
3.566035	-7.392375	-0.1806641	-0.0001500609
3.576052	-7.392171	-0.1801554	-0.0001380538
3.586069	-7.391866	-0.1805624	-0.0001201978
3.596086	-7.392375	-0.180664	-0.0001500609
3.606103	-7.392476	-0.1805624	-0.0001560126
3.61612	-7.392171	-0.180664	-0.0001380538
3.626137	-7.392171	-0.1806641	-0.0001380538
3.636154	-7.392476	-0.1806641	-0.0001560126
3.646171	-7.392069	-0.1807658	-0.0001321019
3.656188	-7.392272	-0.1803588	-0.0001440057
3.666205	-7.392171	-0.1805623	-0.0001380538
3.676222	-7.392171	-0.1805623	-0.0001380538
3.686239	-7.392171	-0.1807658	-0.0001380538
3.696256	-7.39268	-0.1809692	-0.0001680192
3.706273	-7.392578	-0.181071	-0.0001620159
3.71629	-7.392171	-0.1811727	-0.0001380538
3.726307	-7.392781	-0.180664	-0.0001739189
3.736324	-7.392476	-0.1809693	-0.0001560126
3.746341	-7.392171	-0.1805624	-0.0001380538
3.756358	-7.392272	-0.1806641	-0.0001440057
3.766375	-7.392171	-0.1810709	-0.0001380538
3.776392	-7.392476	-0.1808676	-0.0001560126
3.786409	-7.392171	-0.1811727	-0.0001380538
3.796426	-7.392069	-0.1807658	-0.0001321019
3.806443	-7.392578	-0.1806641	-0.0001620159
3.81646	-7.392171	-0.1807658	-0.0001380538
3.826477	-7.391967	-0.180664	-0.0001260981
3.836494	-7.393188	-0.1811727	-0.0001978273
3.846511	-7.392272	-0.1803589	-0.0001440057
3.856528	-7.392069	-0.1806641	-0.0001321019
3.866545	-7.392477	-0.1805623	-0.0001560643
3.876562	-7.392273	-0.1803588	-0.0001440574
3.886579	-7.392477	-0.1808675	-0.0001560643
3.896596	-7.392069	-0.1809692	-0.0001321019
3.906613	-7.392985	-0.1808675	-0.0001858732
3.91663	-7.392781	-0.1811727	-0.0001739189
3.926647	-7.393087	-0.1809692	-0.0001918762
3.936664	-7.392578	-0.1803589	-0.0001620159
3.946681	-7.392272	-0.1809692	-0.0001440057
3.956698	-7.392781	-0.1806641	-0.0001739189
3.966715	-7.392477	-0.1804606	-0.0001560643
3.976732	-7.392985	-0.1807658	-0.0001858732
3.986749	-7.392477	-0.1806641	-0.0001560643
3.996766	-7.392781	-0.1807658	-0.0001739189
4.006783	-7.391967	-0.1808675	-0.0001260981
4.0168	-7.392069	-0.179952	-0.0001321019
4.026817	-7.39268	-0.1808675	-0.0001680192
4.036834	-7.392884	-0.1808675	-0.0001799737
4.046851	-7.392272	-0.1805623	-0.0001440057
4.056868	-7.392272	-0.180664	-0.0001440057
4.066885	-7.392171	-0.1805623	-0.0001380538
4.076902	-7.39329	-0.1809693	-0.00020383
4.086919	-7.392477	-0.1805624	-0.0001560643
4.096936	-7.392883	-0.1807658	-0.000179922
4.106953	-7.392781	-0.1802572	-0.0001739189
4.11697	-7.392375	-0.1807658	-0.0001500609
4.126987	-7.392476	-0.1806641	-0.0001560126
4.137004	-7.392477	-0.1803589	-0.0001560643
4.147021	-7.392375	-0.1805624	-0.0001500609
4.157038	-7.393188	-0.1800537	-0.0001978273
4.167055	-7.39329	-0.1809692	-0.00020383
4.177072	-7.392578	-0.1805624	-0.0001620159
4.187089	-7.392985	-0.1809692	-0.0001858732
4.197106	-7.392782	-0.1800538	-0.0001739706
4.207123	-7.392578	-0.1804606	-0.0001620159
4.21714	-7.392578	-0.1804606	-0.0001620159
4.227157	-7.391968	-0.1802572	-0.0001261499
4.237174	-7.392171	-0.1812744	-0.0001380538
4.247191	-7.392273	-0.1805624	-0.0001440574
4.257208	-7.392579	-0.1809693	-0.0001620677
4.267225	-7.392578	-0.1808675	-0.0001620159
4.277242	-7.393798	-0.181071	-0.0002336357
4.287259	-7.392781	-0.1805623	-0.0001739189
4.297276	-7.392477	-0.1805623	-0.0001560643
4.307293	-7.393697	-0.1808675	-0.0002277368
4.31731	-7.392375	-0.179952	-0.0001500609
4.327327	-7.393087	-0.1807658	-0.0001918762
4.337344	-7.392272	-0.1805623	-0.0001440057
4.347361	-7.392375	-0.1805624	-0.0001500609
4.357378	-7.392781	-0.1808675	-0.0001739189
4.367395	-7.392272	-0.1805623	-0.0001440057
4.377412	-7.392883	-0.1805624	-0.000179922
4.387429	-7.392477	-0.1804606	-0.0001560643
4.397446	-7.392578	-0.180664	-0.0001620159
4.407463	-7.39268	-0.1805624	-0.0001680192
4.41748	-7.393188	-0.1806641	-0.0001978273
4.427497	-7.392884	-0.180664	-0.0001799737
4.437514	-7.393595	-0.1804606	-0.0002217344
4.447531	-7.392375	-0.1811727	-0.0001500609
4.457548	-7.392781	-0.1805623	-0.0001739189
4.467565	-7.392375	-0.1800537	-0.0001500609
4.477582	-7.392272	-0.180664	-0.0001440057
4.487599	-7.392375	-0.1809693	-0.0001500609
4.497616	-7.392578	-0.1807658	-0.0001620159
4.507633	-7.392578	-0.1805624	-0.0001620159
4.51765	-7.392272	-0.1806641	-0.0001440057
4.527667	-7.39207	-0.1805624	-0.0001321536
4.537684	-7.39329	-0.1809693	-0.00020383
4.547701	-7.392578	-0.180664	-0.0001620159
4.557718	-7.393188	-0.180664	-0.0001978273
4.567735	-7.393188	-0.1808675	-0.0001978273
4.577752	-7.393392	-0.1802572	-0.0002098327
4.587769	-7.392985	-0.1806641	-0.0001858732
4.597786	-7.392884	-0.1809692	-0.0001799737
4.607803	-7.392477	-0.1807658	-0.0001560643
4.61782	-7.392578	-0.1802572	-0.0001620159
4.627837	-7.392272	-0.1804606	-0.0001440057
4.637854	-7.392883	-0.1804606	-0.000179922
4.647871	-7.392375	-0.1809692	-0.0001500609
4.657888	-7.392579	-0.1807658	-0.0001620677
4.667905	-7.392375	-0.1808675	-0.0001500609
4.677922	-7.392782	-0.1802571	-0.0001739706
4.687939	-7.392781	-0.1808675	-0.0001739189
4.697956	-7.392375	-0.1810709	-0.0001500609
4.707973	-7.39268	-0.1804606	-0.0001680192
4.71799	-7.392273	-0.1800537	-0.0001440574
4.728007	-7.392578	-0.1809692	-0.0001620159
4.738024	-7.392477	-0.1804606	-0.0001560643
4.748041	-7.393188	-0.1801554	-0.0001978273
4.758058	-7.392578	-0.1803589	-0.0001620159
4.768075	-7.392985	-0.1803589	-0.0001858732
4.778092	-7.39329	-0.1809692	-0.00020383
4.788109	-7.393188	-0.1805623	-0.0001978273
4.798126	-7.392171	-0.1804606	-0.0001380538
4.808143	-7.392781	-0.1804606	-0.0001739189
4.81816	-7.39268	-0.1807658	-0.0001680192
4.828177	-7.392985	-0.1807658	-0.0001858732
4.838194	-7.392273	-0.1808675	-0.0001440574
4.848211	-7.392781	-0.1806641	-0.0001739189
4.858228	-7.392781	-0.1807658	-0.0001739189
4.868245	-7.39268	-0.1807658	-0.0001680192
4.878262	-7.393087	-0.1811727	-0.0001918762
4.888279	-7.39268	-0.1805624	-0.0001680192
4.898296	-7.393392	-0.1803589	-0.0002098327
4.908313	-7.392781	-0.1800537	-0.0001739189
4.91833	-7.392985	-0.1812744	-0.0001858732
4.928347	-7.392476	-0.1808675	-0.0001560126
4.938364	-7.393494	-0.1809693	-0.0002158353
4.948381	-7.393087	-0.1804606	-0.0001918762
4.958398	-7.392578	-0.1807658	-0.0001620159
4.968415	-7.392272	-0.1810709	-0.0001440057
4.978432	-7.392884	-0.1804606	-0.0001799737
4.988449	-7.393494	-0.181071	-0.0002158353
4.998466	-7.392985	-0.180664	-0.0001858732
5.008483	-7.392883	-0.1812744	-0.000179922
