0.01	0	10	 0 
0.020017	-0.0003051758	10	 0 
0.030034	-0.0002034505	10	 0 
0.040051	-0.0003051758	10	 0 
0.050068	-0.0001017253	10	 0 
0.060085	-0.0002034505	10	 0 
0.070102	-0.0002034505	10	 0 
0.080119	-0.0002034505	10	 0 
0.090136	-0.0002034505	10	 0 
0.100153	-0.0003051758	10	 0 
0.11017	-0.0003051758	10	 0 
0.120187	-0.0002034505	10	 0 
0.130204	-0.0003051758	10	 0 
0.140221	-0.0002034505	10	 0 
0.150238	-0.0003051758	10	 0 
0.160255	-0.0002034505	10	 0 
0.170272	-0.0002034505	10	 0 
0.180289	-0.0003051758	10	 0 
0.190306	-0.0001017253	10	 0 
0.200323	-0.0003051758	10	 0 
0.21034	-0.0003051758	10	 0 
0.220357	-0.0001017253	10	 0 
0.230374	-0.0001017253	10	 0 
0.240391	-0.0003051758	10	 0 
0.250408	-0.0001017253	10	 0 
0.260425	-0.0001017253	10	 0 
0.270442	-0.0003051758	10	 0 
0.280459	-0.0003051758	10	 0 
0.290476	-0.0002034505	10	 0 
0.300493	-0.0002034505	10	 0 
0.31051	-0.0001017253	10	 0 
0.320527	-0.0003051758	10	 0 
0.330544	-0.0002034505	10	 0 
0.340561	-0.0002034505	10	 0 
0.350578	-0.0001017253	10	 0 
0.360595	-0.0002034505	10	 0 
0.370612	-0.0003051758	10	 0 
0.380629	-0.0003051758	10	 0 
0.390646	-0.0001017253	10	 0 
0.400663	-0.0002034505	10	 0 
0.41068	-0.0002034505	10	 0 
0.420697	-0.0003051758	10	 0 
0.430714	-0.0003051758	10	 0 
0.440731	-0.0003051758	10	 0 
0.450748	-0.0003051758	10	 0 
0.460765	-0.0003051758	10	 0 
0.470782	-0.0003051758	10	 0 
0.480799	-0.0003051758	10	 0 
0.490816	-0.0003051758	10	 0 
0.500833	-0.0003051758	10	 0 
0.51085	-0.0002034505	10	 0 
0.520867	-0.0003051758	10	 0 
0.530884	-0.0003051758	10	 0 
0.540901	-0.0001017253	10	 0 
0.550918	0	10	 0 
0.560935	-0.0003051758	10	 0 
0.570952	-0.0003051758	10	 0 
0.580969	-0.0002034505	10	 0 
0.590986	-0.0002034505	10	 0 
0.601003	-0.0001017253	10	 0 
0.61102	-0.0003051758	10	 0 
0.621037	-0.0002034505	10	 0 
0.631054	-0.0003051758	10	 0 
0.641071	-0.0003051758	10	 0 
0.651088	-0.0003051758	10	 0 
0.661105	-0.0001017253	10	 0 
0.671122	-0.0002034505	10	 0 
0.681139	-0.0001017253	10	 0 
0.691156	-0.0001017253	10	 0 
0.701173	-0.0003051758	10	 0 
0.71119	-0.0001017253	10	 0 
0.721207	-0.0002034505	10	 0 
0.731224	-0.0001017253	10	 0 
0.741241	-0.0003051758	10	 0 
0.751258	0	10	 0 
0.761275	-0.0003051758	10	 0 
0.771292	-0.0003051758	10	 0 
0.781309	-0.0003051758	10	 0 
0.791326	-0.0001017253	10	 0 
0.801343	-0.0001017253	10	 0 
0.81136	-0.0002034505	10	 0 
0.821377	-0.0002034505	10	 0 
0.831394	-0.0003051758	10	 0 
0.841411	-0.0001017253	10	 0 
0.851428	-0.0003051758	10	 0 
0.861445	-0.0003051758	10	 0 
0.871462	-0.0003051758	10	 0 
0.881479	-0.0004069011	10	 0 
0.891496	-0.0002034505	10	 0 
0.901513	-0.0002034505	10	 0 
0.91153	-0.0002034505	10	 0 
0.921547	-0.0002034505	10	 0 
0.931564	-0.0001017253	10	 0 
0.941581	-0.0002034505	10	 0 
0.951598	-0.0002034505	10	 0 
0.961615	-0.0003051758	10	 0 
0.971632	-0.0001017253	10	 0 
0.981649	-0.0002034505	10	 0 
0.991666	-0.0002034505	10	 0 
1.001683	-0.0003051758	10	 0 
1.0117	-0.005187988	10	 0 
1.021717	-0.005187988	10	 0 
1.031734	-0.005289713	10	 0 
1.041751	-0.005187988	10	 0 
1.051768	-0.005289713	10	 0 
1.061785	-0.005187988	10	 0 
1.071802	-0.005289713	10	 0 
1.081819	-0.005391439	10	 0 
1.091836	-0.005289713	10	 0 
1.101853	-0.005187988	10	 0 
1.11187	-0.005289713	10	 0 
1.121887	-0.005289713	10	 0 
1.131904	-0.005289713	10	 0 
1.141921	-0.005187988	10	 0 
1.151938	-0.005289713	10	 0 
1.161955	-0.005187988	10	 0 
1.171972	-0.005187988	10	 0 
1.181989	-0.005391439	10	 0 
1.192006	-0.005187988	10	 0 
1.202023	-0.005289713	10	 0 
1.21204	-0.005187988	10	 0 
1.222057	-0.005086263	10	 0 
1.232074	-0.005391439	10	 0 
1.242091	-0.005391439	10	 0 
1.252108	-0.005391439	10	 0 
1.262125	-0.005289713	10	 0 
1.272142	-0.005187988	10	 0 
1.282159	-0.005187988	10	 0 
1.292176	-0.005289713	10	 0 
1.302193	-0.005391439	10	 0 
1.31221	-0.005086263	10	 0 
1.322227	-0.005187988	10	 0 
1.332244	-0.005187988	10	 0 
1.342261	-0.005187988	10	 0 
1.352278	-0.005493164	10	 0 
1.362295	-0.005289713	10	 0 
1.372312	-0.005187988	10	 0 
1.382329	-0.005289713	10	 0 
1.392346	-0.005289713	10	 0 
1.402363	-0.005289713	10	 0 
1.41238	-0.005187988	10	 0 
1.422397	-0.005289713	10	 0 
1.432414	-0.005289713	10	 0 
1.442431	-0.005187988	10	 0 
1.452448	-0.005187988	10	 0 
1.462465	-0.005391439	10	 0 
1.472482	-0.005391439	10	 0 
1.482499	-0.005493164	10	 0 
1.492516	-0.005289713	10	 0 
1.502533	-0.005289713	10	 0 
1.51255	-0.005187988	10	 0 
1.522567	-0.005187988	10	 0 
1.532584	-0.005086263	10	 0 
1.542601	-0.005289713	10	 0 
1.552618	-0.005289713	10	 0 
1.562635	-0.005289713	10	 0 
1.572652	-0.005289713	10	 0 
1.582669	-0.005187988	10	 0 
1.592686	-0.005289713	10	 0 
1.602703	-0.005187988	10	 0 
1.61272	-0.005187988	10	 0 
1.622737	-0.005187988	10	 0 
1.632754	-0.005187988	10	 0 
1.642771	-0.005187988	10	 0 
1.652788	-0.005289713	10	 0 
1.662805	-0.005289713	10	 0 
1.672822	-0.005289713	10	 0 
1.682839	-0.005187988	10	 0 
1.692856	-0.005187988	10	 0 
1.702873	-0.005187988	10	 0 
1.71289	-0.005289713	10	 0 
1.722907	-0.005187988	10	 0 
1.732924	-0.005187988	10	 0 
1.742941	-0.005289713	10	 0 
1.752958	-0.005086263	10	 0 
1.762975	-0.005289713	10	 0 
1.772992	-0.005391439	10	 0 
1.783009	-0.005086263	10	 0 
1.793026	-0.005391439	10	 0 
1.803043	-0.005391439	10	 0 
1.81306	-0.005187988	10	 0 
1.823077	-0.005289713	10	 0 
1.833094	-0.005289713	10	 0 
1.843111	-0.005289713	10	 0 
1.853128	-0.005187988	10	 0 
1.863145	-0.005289713	10	 0 
1.873162	-0.005391439	10	 0 
1.883179	-0.005289713	10	 0 
1.893196	-0.005187988	10	 0 
1.903213	-0.005187988	10	 0 
1.91323	-0.005289713	10	 0 
1.923247	-0.005391439	10	 0 
1.933264	-0.005187988	10	 0 
1.943281	-0.005391439	10	 0 
1.953298	-0.005187988	10	 0 
1.963315	-0.005187988	10	 0 
1.973332	-0.005187988	10	 0 
1.983349	-0.005187988	10	 0 
1.993366	-0.005289713	10	 0 
2.003383	-0.005289713	10	 0 
2.0134	-0.0003051758	10	 0 
2.023417	-0.0002034505	10	 0 
2.033434	-0.0002034505	10	 0 
2.043451	-0.0002034505	10	 0 
2.053468	-0.0003051758	10	 0 
2.063485	-0.0003051758	10	 0 
2.073502	-0.0002034505	10	 0 
2.083519	-0.0003051758	10	 0 
2.093536	-0.0002034505	10	 0 
2.103553	-0.0003051758	10	 0 
2.11357	-0.0002034505	10	 0 
2.123587	-0.0001017253	10	 0 
2.133604	-0.0002034505	10	 0 
2.143621	-0.0002034505	10	 0 
2.153638	-0.0003051758	10	 0 
2.163655	-0.0003051758	10	 0 
2.173672	-0.0002034505	10	 0 
2.183689	-0.0001017253	10	 0 
2.193706	-0.0001017253	10	 0 
2.203723	-0.0001017253	10	 0 
2.21374	-0.0003051758	10	 0 
2.223757	-0.0003051758	10	 0 
2.233774	-0.0003051758	10	 0 
2.243791	-0.0003051758	10	 0 
2.253808	-0.0002034505	10	 0 
2.263825	-0.0002034505	10	 0 
2.273842	-0.0002034505	10	 0 
2.283859	-0.0003051758	10	 0 
2.293876	-0.0003051758	10	 0 
2.303893	-0.0003051758	10	 0 
2.31391	-0.0002034505	10	 0 
2.323927	-0.0003051758	10	 0 
2.333944	-0.0002034505	10	 0 
2.343961	0	10	 0 
2.353978	-0.0002034505	10	 0 
2.363995	-0.0003051758	10	 0 
2.374012	-0.0003051758	10	 0 
2.384029	0.0002034505	10	 0 
2.394046	-0.0002034505	10	 0 
2.404063	-0.0002034505	10	 0 
2.41408	-0.0002034505	10	 0 
2.424097	-0.0002034505	10	 0 
2.434114	-0.0003051758	10	 0 
2.444131	-0.0002034505	10	 0 
2.454148	-0.0002034505	10	 0 
2.464165	-0.0002034505	10	 0 
2.474182	-0.0002034505	10	 0 
2.484199	-0.0002034505	10	 0 
2.494216	-0.0002034505	10	 0 
2.504233	-0.0002034505	10	 0 
2.51425	-0.0001017253	10	 0 
2.524267	-0.0002034505	10	 0 
2.534284	-0.0003051758	10	 0 
2.544301	-0.0001017253	10	 0 
2.554318	-0.0002034505	10	 0 
2.564335	-0.0003051758	10	 0 
2.574352	-0.0002034505	10	 0 
2.584369	-0.0003051758	10	 0 
2.594386	-0.0001017253	10	 0 
2.604403	-0.0002034505	10	 0 
2.61442	-0.0003051758	10	 0 
2.624437	-0.0002034505	10	 0 
2.634454	-0.0002034505	10	 0 
2.644471	-0.0003051758	10	 0 
2.654488	-0.0003051758	10	 0 
2.664505	-0.0002034505	10	 0 
2.674522	-0.0001017253	10	 0 
2.684539	-0.0002034505	10	 0 
2.694556	-0.0001017253	10	 0 
2.704573	-0.0001017253	10	 0 
2.71459	-0.0002034505	10	 0 
2.724607	-0.0001017253	10	 0 
2.734624	-0.0001017253	10	 0 
2.744641	-0.0003051758	10	 0 
2.754658	-0.0003051758	10	 0 
2.764675	-0.0002034505	10	 0 
2.774692	-0.0001017253	10	 0 
2.784709	-0.0003051758	10	 0 
2.794726	-0.0002034505	10	 0 
2.804743	-0.0003051758	10	 0 
2.81476	-0.0002034505	10	 0 
2.824777	-0.0003051758	10	 0 
2.834794	-0.0002034505	10	 0 
2.844811	-0.0002034505	10	 0 
2.854828	-0.0003051758	10	 0 
2.864845	-0.0003051758	10	 0 
2.874862	-0.0003051758	10	 0 
2.884879	-0.0003051758	10	 0 
2.894896	-0.0003051758	10	 0 
2.904913	-0.0002034505	10	 0 
2.91493	-0.0002034505	10	 0 
2.924947	-0.0003051758	10	 0 
2.934964	-0.0002034505	10	 0 
2.944981	-0.0002034505	10	 0 
2.954998	-0.0002034505	10	 0 
2.965015	-0.0001017253	10	 0 
2.975032	-0.0002034505	10	 0 
2.985049	-0.0002034505	10	 0 
2.995066	-0.0001017253	10	 0 
3.005083	-0.0001017253	10	 0 
3.0151	-0.0002034505	10	 0 
3.025117	-0.0002034505	10	 0 
3.035134	-0.0003051758	10	 0 
3.045151	-0.0003051758	10	 0 
3.055168	-0.0002034505	10	 0 
3.065185	-0.0003051758	10	 0 
3.075202	-0.0003051758	10	 0 
3.085219	-0.0002034505	10	 0 
3.095236	-0.0003051758	10	 0 
3.105253	-0.0002034505	10	 0 
3.11527	-0.0001017253	10	 0 
3.125287	-0.0001017253	10	 0 
3.135304	-0.0003051758	10	 0 
3.145321	-0.0003051758	10	 0 
3.155338	-0.0003051758	10	 0 
3.165355	-0.0001017253	10	 0 
3.175372	-0.0001017253	10	 0 
3.185389	-0.0002034505	10	 0 
3.195406	-0.0001017253	10	 0 
3.205423	-0.0002034505	10	 0 
3.21544	0.0001017253	10	 0 
3.225457	-0.0003051758	10	 0 
3.235474	-0.0002034505	10	 0 
3.245491	-0.0002034505	10	 0 
3.255508	-0.0003051758	10	 0 
3.265525	-0.0001017253	10	 0 
3.275542	-0.0003051758	10	 0 
3.285559	-0.0002034505	10	 0 
3.295576	-0.0001017253	10	 0 
3.305593	-0.0002034505	10	 0 
3.31561	-0.0003051758	10	 0 
3.325627	-0.0002034505	10	 0 
3.335644	-0.0002034505	10	 0 
3.345661	-0.0002034505	10	 0 
3.355678	-0.0003051758	10	 0 
3.365695	-0.0002034505	10	 0 
3.375712	-0.0003051758	10	 0 
3.385729	-0.0003051758	10	 0 
3.395746	-0.0002034505	10	 0 
3.405763	-0.0002034505	10	 0 
3.41578	0	10	 0 
3.425797	-0.0002034505	10	 0 
3.435814	-0.0003051758	10	 0 
3.445831	-0.0002034505	10	 0 
3.455848	-0.0002034505	10	 0 
3.465865	-0.0002034505	10	 0 
3.475882	-0.0002034505	10	 0 
3.485899	-0.0002034505	10	 0 
3.495916	-0.0002034505	10	 0 
3.505933	-0.0003051758	10	 0 
3.51595	-0.0001017253	10	 0 
3.525967	-0.0002034505	10	 0 
3.535984	-0.0002034505	10	 0 
3.546001	-0.0002034505	10	 0 
3.556018	-0.0002034505	10	 0 
3.566035	-0.0001017253	10	 0 
3.576052	-0.0001017253	10	 0 
3.586069	-0.0002034505	10	 0 
3.596086	-0.0003051758	10	 0 
3.606103	-0.0003051758	10	 0 
3.61612	-0.0003051758	10	 0 
3.626137	-0.0003051758	10	 0 
3.636154	-0.0002034505	10	 0 
3.646171	-0.0002034505	10	 0 
3.656188	-0.0003051758	10	 0 
3.666205	-0.0001017253	10	 0 
3.676222	-0.0003051758	10	 0 
3.686239	-0.0001017253	10	 0 
3.696256	-0.0001017253	10	 0 
3.706273	-0.0003051758	10	 0 
3.71629	-0.0002034505	10	 0 
3.726307	-0.0003051758	10	 0 
3.736324	-0.0003051758	10	 0 
3.746341	-0.0002034505	10	 0 
3.756358	-0.0003051758	10	 0 
3.766375	-0.0003051758	10	 0 
3.776392	-0.0002034505	10	 0 
3.786409	-0.0003051758	10	 0 
3.796426	-0.0003051758	10	 0 
3.806443	-0.0003051758	10	 0 
3.81646	-0.0003051758	10	 0 
3.826477	-0.0002034505	10	 0 
3.836494	-0.0003051758	10	 0 
3.846511	-0.0001017253	10	 0 
3.856528	-0.0003051758	10	 0 
3.866545	-0.0003051758	10	 0 
3.876562	-0.0003051758	10	 0 
3.886579	-0.0002034505	10	 0 
3.896596	-0.0003051758	10	 0 
3.906613	-0.0003051758	10	 0 
3.91663	-0.0003051758	10	 0 
3.926647	-0.0001017253	10	 0 
3.936664	-0.0001017253	10	 0 
3.946681	-0.0002034505	10	 0 
3.956698	-0.0002034505	10	 0 
3.966715	-0.0003051758	10	 0 
3.976732	-0.0003051758	10	 0 
3.986749	-0.0003051758	10	 0 
3.996766	-0.0002034505	10	 0 
4.006783	-0.0003051758	10	 0 
4.0168	-0.0001017253	10	 0 
4.026817	-0.0002034505	10	 0 
4.036834	-0.0003051758	10	 0 
4.046851	-0.0001017253	10	 0 
4.056868	-0.0001017253	10	 0 
4.066885	-0.0002034505	10	 0 
4.076902	-0.0002034505	10	 0 
4.086919	-0.0003051758	10	 0 
4.096936	-0.0002034505	10	 0 
4.106953	-0.0003051758	10	 0 
4.11697	-0.0001017253	10	 0 
4.126987	-0.0002034505	10	 0 
4.137004	0	10	 0 
4.147021	-0.0002034505	10	 0 
4.157038	-0.0001017253	10	 0 
4.167055	-0.0002034505	10	 0 
4.177072	-0.0002034505	10	 0 
4.187089	-0.0003051758	10	 0 
4.197106	-0.0003051758	10	 0 
4.207123	-0.0003051758	10	 0 
4.21714	-0.0003051758	10	 0 
4.227157	-0.0002034505	10	 0 
4.237174	-0.0001017253	10	 0 
4.247191	-0.0001017253	10	 0 
4.257208	-0.0003051758	10	 0 
4.267225	-0.0002034505	10	 0 
4.277242	-0.0001017253	10	 0 
4.287259	-0.0002034505	10	 0 
4.297276	-0.0003051758	10	 0 
4.307293	-0.0002034505	10	 0 
4.31731	-0.0003051758	10	 0 
4.327327	-0.0002034505	10	 0 
4.337344	-0.0003051758	10	 0 
4.347361	-0.0002034505	10	 0 
4.357378	-0.0002034505	10	 0 
4.367395	-0.0002034505	10	 0 
4.377412	-0.0001017253	10	 0 
4.387429	-0.0001017253	10	 0 
4.397446	-0.0002034505	10	 0 
4.407463	-0.0003051758	10	 0 
4.41748	-0.0002034505	10	 0 
4.427497	-0.0002034505	10	 0 
4.437514	-0.0002034505	10	 0 
4.447531	-0.0003051758	10	 0 
4.457548	-0.0002034505	10	 0 
4.467565	-0.0002034505	10	 0 
4.477582	-0.0002034505	10	 0 
4.487599	-0.0001017253	10	 0 
4.497616	0	10	 0 
4.507633	-0.0003051758	10	 0 
4.51765	-0.0001017253	10	 0 
4.527667	-0.0002034505	10	 0 
4.537684	-0.0002034505	10	 0 
4.547701	-0.0002034505	10	 0 
4.557718	-0.0003051758	10	 0 
4.567735	-0.0002034505	10	 0 
4.577752	-0.0003051758	10	 0 
4.587769	-0.0002034505	10	 0 
4.597786	-0.0003051758	10	 0 
4.607803	-0.0001017253	10	 0 
4.61782	-0.0003051758	10	 0 
4.627837	-0.0002034505	10	 0 
4.637854	-0.0002034505	10	 0 
4.647871	-0.0003051758	10	 0 
4.657888	-0.0003051758	10	 0 
4.667905	-0.0002034505	10	 0 
4.677922	-0.0002034505	10	 0 
4.687939	-0.0003051758	10	 0 
4.697956	-0.0003051758	10	 0 
4.707973	-0.0003051758	10	 0 
4.71799	-0.0001017253	10	 0 
4.728007	-0.0002034505	10	 0 
4.738024	-0.0003051758	10	 0 
4.748041	-0.0001017253	10	 0 
4.758058	-0.0002034505	10	 0 
4.768075	9.701277E-12	10	 0 
4.778092	-0.0003051758	10	 0 
4.788109	-0.0003051758	10	 0 
4.798126	-0.0001017253	10	 0 
4.808143	-0.0001017253	10	 0 
4.81816	-0.0003051758	10	 0 
4.828177	-0.0002034505	10	 0 
4.838194	-0.0001017253	10	 0 
4.848211	-0.0002034505	10	 0 
4.858228	-0.0003051758	10	 0 
4.868245	-0.0002034505	10	 0 
4.878262	0	10	 0 
4.888279	-0.0003051758	10	 0 
4.898296	-0.0001017253	10	 0 
4.908313	-0.0002034505	10	 0 
4.91833	-0.0003051758	10	 0 
4.928347	-0.0001017253	10	 0 
4.938364	0.0002034505	10	 0 
4.948381	-1.940255E-11	10	 0 
4.958398	-0.0002034505	10	 0 
4.968415	-0.0003051758	10	 0 
4.978432	-0.0003051758	10	 0 
4.988449	-0.0002034505	10	 0 
4.998466	-0.0003051758	10	 0 
5.008483	-0.0001017253	10	 0 
