0.003025	8.343201	0.008239746	-3.00541886083417 
0.006067	8.345337	0.009460449	-2.94553211562958 
0.009109	8.344421	0.009460449	-2.94548446862755 
0.012151	8.343506	0.009460449	-2.94543681639753 
0.015193	8.344421	0.009155273	-2.95972490774216 
0.018235	8.343506	0.009460449	-2.94543681639753 
0.021277	8.345337	0.009155273	-2.95977255474419 
0.024319	8.345032	0.009460449	-2.94551623387638 
0.027361	8.344727	0.009460449	-2.94550035154239 
0.030403	8.345337	0.009460449	-2.94553211562958 
0.033445	8.344421	0.009155273	-2.95972490774216 
0.036487	8.343201	0.009460449	-2.94542093115889 
0.039529	8.343506	0.009460449	-2.94543681639753 
0.042571	8.344116	0.009765625	-2.93168030064619 
0.045613	8.344421	0.009155273	-2.95972490774216 
0.048655	8.345032	0.009460449	-2.94551623387638 
0.051697	8.345032	0.009765625	-2.93172794939075 
0.054739	8.343506	0.009460449	-2.94543681639753 
0.057781	8.345337	0.009460449	-2.94553211562958 
0.060823	8.344727	0.009155273	-2.959740790657 
0.063865	8.343201	0.009460449	-2.94542093115889 
0.066907	8.344421	0.009460449	-2.94548446862755 
0.069949	8.345642	0.009460449	-2.94554799680201 
0.072991	8.344116	0.009765625	-2.93168030064619 
0.076033	8.344421	0.009460449	-2.94548446862755 
0.079075	8.343506	0.009155273	-2.95967725551214 
0.082117	8.345337	0.009155273	-2.95977255474419 
0.085159	8.344421	0.009155273	-2.95972490774216 
0.088201	8.343506	0.009460449	-2.94543681639753 
0.091243	8.344116	0.009155273	-2.95970902424643 
0.094285	8.343201	0.009460449	-2.94542093115889 
0.097327	8.34259	0.009460449	-2.94538915893838 
0.100369	8.344116	0.009155273	-2.95970902424643 
0.103411	8.343506	0.009460449	-2.94543681639753 
0.106453	8.343506	0.009460449	-2.94543681639753 
0.109495	8.344116	0.009460449	-2.94546858513182 
0.112537	8.344421	0.009460449	-2.94548446862755 
0.115579	8.34259	0.009155273	-2.95962959805299 
0.118621	8.343506	0.009460449	-2.94543681639753 
0.121663	8.344421	0.009460449	-2.94548446862755 
0.124705	8.343506	0.009155273	-2.95967725551214 
0.127747	8.344727	0.009155273	-2.959740790657 
0.130789	8.342285	0.009460449	-2.94537327195643 
0.133831	8.344116	0.009460449	-2.94546858513182 
0.136873	8.342896	0.009460449	-2.94540504533918 
0.139915	8.345032	0.009155273	-2.959756672991 
0.142957	8.344116	0.009155273	-2.95970902424643 
0.145999	8.343201	0.009460449	-2.94542093115889 
0.149041	8.344116	0.009460449	-2.94546858513182 
0.152083	8.344727	0.009460449	-2.94550035154239 
0.155125	8.34259	0.009460449	-2.94538915893838 
0.158167	8.343506	0.009460449	-2.94543681639753 
0.161209	8.344116	0.009460449	-2.94546858513182 
0.164251	8.342896	0.009460449	-2.94540504533918 
0.167293	8.344421	0.009460449	-2.94548446862755 
0.170335	8.343201	0.009460449	-2.94542093115889 
0.173377	8.343506	0.009460449	-2.94543681639753 
0.176419	8.343201	0.009460449	-2.94542093115889 
0.179461	8.344116	0.009460449	-2.94546858513182 
0.182503	8.342896	0.009460449	-2.94540504533918 
0.185545	8.342896	0.009155273	-2.95964548445379 
0.188587	8.342896	0.009155273	-2.95964548445379 
0.191629	8.342896	0.009460449	-2.94540504533918 
0.194671	8.34259	0.009460449	-2.94538915893838 
0.197713	8.343506	0.009765625	-2.9316485319119 
0.200755	8.344116	0.009460449	-2.94546858513182 
0.203797	8.34259	0.009155273	-2.95962959805299 
0.206839	8.343201	0.009460449	-2.94542093115889 
0.209881	8.341675	0.009460449	-2.94534149624895 
0.212923	8.343201	0.009460449	-2.94542093115889 
0.215965	8.343506	0.009765625	-2.9316485319119 
0.219007	8.34259	0.009155273	-2.95962959805299 
0.222049	8.341675	0.009155273	-2.95958193536356 
0.225091	8.343201	0.009460449	-2.94542093115889 
0.228133	8.344116	0.009460449	-2.94546858513182 
0.231175	8.34259	0.009460449	-2.94538915893838 
0.234217	8.343506	0.009460449	-2.94543681639753 
0.237259	8.34259	0.009155273	-2.95962959805299 
0.240301	8.344116	0.009460449	-2.94546858513182 
0.243343	8.341675	0.009155273	-2.95958193536356 
0.246385	8.342896	0.009460449	-2.94540504533918 
0.249427	8.342896	0.009155273	-2.95964548445379 
0.252469	8.34259	0.009460449	-2.94538915893838 
0.255511	8.343506	0.009460449	-2.94543681639753 
0.258553	8.343201	0.009155273	-2.9596613702735 
0.261595	8.341675	0.009155273	-2.95958193536356 
0.264637	8.34259	0.009155273	-2.95962959805299 
0.267679	8.343201	0.009155273	-2.9596613702735 
0.270721	8.343506	0.009460449	-2.94543681639753 
0.273763	8.343201	0.009460449	-2.94542093115889 
0.276805	8.34259	0.009155273	-2.95962959805299 
0.279847	8.342896	0.009460449	-2.94540504533918 
0.282889	8.341675	0.009460449	-2.94534149624895 
0.285931	8.343506	0.009460449	-2.94543681639753 
0.288973	8.342896	0.009460449	-2.94540504533918 
0.292015	8.342896	0.009460449	-2.94540504533918 
0.295057	8.343201	0.009460449	-2.94542093115889 
0.298099	8.344116	0.009155273	-2.95970902424643 
0.301141	8.342285	0.009460449	-2.94537327195643 
0.304183	8.342896	0.009460449	-2.94540504533918 
0.307225	9.439087	0.009460449	-2.99901822616891 
0.310267	9.440918	0.009460449	-2.99910246523074 
0.313309	9.439697	0.009460449	-2.99904630767174 
0.316351	9.440002	0.009460449	-2.99906034774228 
0.319393	9.439697	0.009460449	-2.99904630767174 
0.322435	9.441223	0.009765625	-2.9853282190003 
0.325477	9.439697	0.009155273	-3.01328674678635 
0.328519	9.439087	0.009460449	-2.99901822616891 
0.331561	9.439392	0.009460449	-2.99903226714729 
0.334603	9.438782	0.009460449	-2.99900418473655 
0.337645	9.441223	0.009460449	-2.99911650348593 
0.340687	9.439087	0.009460449	-2.99901822616891 
0.343729	9.439392	0.009765625	-2.98524398266166 
0.346771	9.440002	0.009155273	-3.01330078685689 
0.349813	9.439697	0.009155273	-3.01328674678635 
0.352855	9.439392	0.009460449	-2.99903226714729 
0.355897	9.438782	0.009155273	-3.01324462385116 
0.358939	9.439697	0.009460449	-2.99904630767174 
0.361981	9.439087	0.009460449	-2.99901822616891 
0.365023	9.440002	0.009460449	-2.99906034774228 
0.368065	9.440002	0.009155273	-3.01330078685689 
0.371107	9.439087	0.009460449	-2.99901822616891 
0.374149	9.439697	0.009460449	-2.99904630767174 
0.377191	9.440308	0.009460449	-2.99907438735894 
0.380233	9.439392	0.009460449	-2.99903226714729 
0.383275	9.438782	0.009460449	-2.99900418473655 
0.386317	9.437866	0.009460449	-2.9989620577154 
0.389359	9.438782	0.009155273	-3.01324462385116 
0.392401	9.440918	0.009155273	-3.01334290434535 
0.395443	9.437866	0.009155273	-3.01320249683001 
0.398485	9.438171	0.009460449	-2.99897610050983 
0.401527	9.440918	0.009460449	-2.99910246523074 
0.404569	9.440308	0.009460449	-2.99907438735894 
0.407611	9.439697	0.009460449	-2.99904630767174 
0.410653	9.439087	0.009460449	-2.99901822616891 
0.413695	9.439087	0.009155273	-3.01325866528352 
0.416737	9.440002	0.009155273	-3.01330078685689 
0.419779	9.439087	0.009460449	-2.99901822616891 
0.422821	9.438171	0.009460449	-2.99897610050983 
0.425863	9.439697	0.009460449	-2.99904630767174 
0.428905	9.438782	0.009460449	-2.99900418473655 
0.431947	9.440918	0.009460449	-2.99910246523074 
0.434989	9.439392	0.009460449	-2.99903226714729 
0.438031	9.438171	0.009460449	-2.99897610050983 
0.441073	9.439697	0.009460449	-2.99904630767174 
0.444115	9.439392	0.009460449	-2.99903226714729 
0.447157	9.438782	0.009155273	-3.01324462385116 
0.450199	9.437866	0.009155273	-3.01320249683001 
0.453241	9.438171	0.009155273	-3.01321653962444 
0.456283	9.440002	0.009460449	-2.99906034774228 
0.459325	9.439697	0.009460449	-2.99904630767174 
0.462367	9.439392	0.009460449	-2.99903226714729 
0.465409	9.439697	0.009460449	-2.99904630767174 
0.468451	9.440918	0.009765625	-2.9853141807451 
0.471493	9.440002	0.009460449	-2.99906034774228 
0.474535	9.437866	0.009460449	-2.9989620577154 
0.477577	9.439392	0.009460449	-2.99903226714729 
0.480619	9.438171	0.009460449	-2.99897610050983 
0.483661	9.440308	0.009155273	-3.01331482647355 
0.486703	9.439087	0.009460449	-2.99901822616891 
0.489745	9.439697	0.009765625	-2.98525802318611 
0.492787	9.438782	0.009460449	-2.99900418473655 
0.495829	9.439087	0.009460449	-2.99901822616891 
0.498871	9.440918	0.009460449	-2.99910246523074 
0.501913	9.438171	0.009460449	-2.99897610050983 
0.504955	9.439697	0.009460449	-2.99904630767174 
0.507997	9.439392	0.009765625	-2.98524398266166 
0.511039	9.439697	0.009460449	-2.99904630767174 
0.514081	9.437561	0.009460449	-2.99894801446689 
0.517123	9.439087	0.009460449	-2.99901822616891 
0.520165	9.439087	0.009460449	-2.99901822616891 
0.523207	9.440002	0.009155273	-3.01330078685689 
0.526249	9.438171	0.009460449	-2.99897610050983 
0.529291	9.439392	0.009155273	-3.0132727062619 
0.532333	9.438171	0.009460449	-2.99897610050983 
0.535375	9.439697	0.009460449	-2.99904630767174 
0.538417	9.439697	0.009460449	-2.99904630767174 
0.541459	9.439392	0.009765625	-2.98524398266166 
0.544501	9.438782	0.009155273	-3.01324462385116 
0.547543	9.439697	0.009460449	-2.99904630767174 
0.550585	9.439392	0.009155273	-3.0132727062619 
0.553627	9.439697	0.009460449	-2.99904630767174 
0.556669	9.438782	0.009765625	-2.98521590025092 
0.559711	9.440308	0.009460449	-2.99907438735894 
0.562753	9.439392	0.009460449	-2.99903226714729 
0.565795	9.440002	0.009155273	-3.01330078685689 
0.568837	9.439087	0.009155273	-3.01325866528352 
0.571879	9.438171	0.009460449	-2.99897610050983 
0.574921	9.438782	0.009460449	-2.99900418473655 
0.577963	9.440002	0.009460449	-2.99906034774228 
0.581005	9.438782	0.009460449	-2.99900418473655 
0.584047	9.439697	0.009460449	-2.99904630767174 
0.587089	9.439392	0.009460449	-2.99903226714729 
0.590131	9.439697	0.009460449	-2.99904630767174 
0.593173	9.439087	0.009460449	-2.99901822616891 
0.596215	9.437866	0.009155273	-3.01320249683001 
0.599257	9.439392	0.009765625	-2.98524398266166 
0.602299	9.438782	0.009460449	-2.99900418473655 
0.605341	9.440002	0.009155273	-3.01330078685689 
0.608383	9.438171	0.009460449	-2.99897610050983 
0.611425	8.345032	0.009155273	-2.959756672991 
0.614467	8.344116	0.009460449	-2.94546858513182 
0.617509	8.344727	0.009460449	-2.94550035154239 
0.620551	8.343201	0.009460449	-2.94542093115889 
0.623593	8.344116	0.009460449	-2.94546858513182 
0.626635	8.343506	0.009155273	-2.95967725551214 
0.629677	8.344727	0.009460449	-2.94550035154239 
0.632719	8.34259	0.009155273	-2.95962959805299 
0.635761	8.34137	0.009460449	-2.94532560752332 
0.638803	8.343506	0.009460449	-2.94543681639753 
0.641845	8.343201	0.008544922	-2.98962459365094 
0.644887	8.343506	0.009460449	-2.94543681639753 
0.647929	8.342896	0.009460449	-2.94540504533918 
0.650971	8.343506	0.009460449	-2.94543681639753 
0.654013	8.344116	0.009460449	-2.94546858513182 
0.657055	8.343506	0.009460449	-2.94543681639753 
0.660097	8.34259	0.009155273	-2.95962959805299 
0.663139	8.34259	0.009460449	-2.94538915893838 
0.666181	8.342896	0.009460449	-2.94540504533918 
0.669223	8.344421	0.009460449	-2.94548446862755 
0.672265	8.341064	0.009155273	-2.95955015733099 
0.675307	8.342285	0.009460449	-2.94537327195643 
0.678349	8.342285	0.009460449	-2.94537327195643 
0.681391	8.344421	0.009460449	-2.94548446862755 
0.684433	8.342896	0.009460449	-2.94540504533918 
0.687475	8.341675	0.009460449	-2.94534149624895 
0.690517	8.34259	0.009460449	-2.94538915893838 
0.693559	8.343506	0.009155273	-2.95967725551214 
0.696601	8.344421	0.009460449	-2.94548446862755 
0.699643	8.341675	0.009460449	-2.94534149624895 
0.702685	8.342896	0.008544922	-2.98960870783124 
0.705727	8.34259	0.009460449	-2.94538915893838 
0.708769	8.343201	0.009155273	-2.9596613702735 
0.711811	8.34137	0.009460449	-2.94532560752332 
0.714853	8.343506	0.009155273	-2.95967725551214 
0.717895	8.341675	0.009460449	-2.94534149624895 
0.720937	8.342285	0.009155273	-2.95961371107104 
0.723979	8.344727	0.009460449	-2.94550035154239 
0.727021	8.34259	0.009460449	-2.94538915893838 
0.730063	8.34137	0.009155273	-2.95956604663793 
0.733105	8.343506	0.009155273	-2.95967725551214 
0.736147	8.34259	0.009460449	-2.94538915893838 
0.739189	8.341675	0.009155273	-2.95958193536356 
0.742231	8.341675	0.009155273	-2.95958193536356 
0.745273	8.34259	0.009460449	-2.94538915893838 
0.748315	8.34259	0.008544922	-2.98959282143043 
0.751357	8.343506	0.009460449	-2.94543681639753 
0.754399	8.342285	0.009460449	-2.94537327195643 
0.757441	8.341675	0.009460449	-2.94534149624895 
0.760483	8.34259	0.009460449	-2.94538915893838 
0.763525	8.344116	0.009460449	-2.94546858513182 
0.766567	8.341064	0.009460449	-2.94530971821638 
0.769609	8.342285	0.009460449	-2.94537327195643 
0.772651	8.341675	0.009155273	-2.95958193536356 
0.775693	8.343201	0.009155273	-2.9596613702735 
0.778735	8.342285	0.009155273	-2.95961371107104 
0.781777	8.342285	0.009155273	-2.95961371107104 
0.784819	8.342285	0.009460449	-2.94537327195643 
0.787861	8.34259	0.009765625	-2.93160087445275 
0.790903	8.344116	0.009460449	-2.94546858513182 
0.793945	8.342285	0.009460449	-2.94537327195643 
0.796987	8.342285	0.009155273	-2.95961371107104 
0.800029	8.342285	0.009460449	-2.94537327195643 
0.803071	8.343201	0.009155273	-2.9596613702735 
0.806113	8.342285	0.009460449	-2.94537327195643 
0.809155	8.342285	0.009155273	-2.95961371107104 
0.812197	8.341675	0.009460449	-2.94534149624895 
0.815239	8.34259	0.009460449	-2.94538915893838 
0.818281	8.341675	0.009460449	-2.94534149624895 
0.821323	8.343201	0.009460449	-2.94542093115889 
0.824365	8.342896	0.009155273	-2.95964548445379 
0.827407	8.342285	0.009460449	-2.94537327195643 
0.830449	8.34259	0.009460449	-2.94538915893838 
0.833491	8.341064	0.009155273	-2.95955015733099 
0.836533	8.342896	0.009460449	-2.94540504533918 
0.839575	8.342896	0.009460449	-2.94540504533918 
0.842617	8.342896	0.009460449	-2.94540504533918 
0.845659	8.34259	0.009155273	-2.95962959805299 
0.848701	8.341064	0.009460449	-2.94530971821638 
0.851743	8.340759	0.009155273	-2.95953426744269 
0.854785	8.342896	0.009155273	-2.95964548445379 
0.857827	8.34259	0.009460449	-2.94538915893838 
0.860869	8.341675	0.009155273	-2.95958193536356 
0.863911	8.341064	0.009155273	-2.95955015733099 
0.866953	8.342285	0.009765625	-2.9315849874708 
0.869995	8.343506	0.009765625	-2.9316485319119 
0.873037	8.34259	0.009155273	-2.95962959805299 
0.876079	8.343506	0.009460449	-2.94543681639753 
0.879121	8.342285	0.009155273	-2.95961371107104 
0.882163	8.342285	0.009460449	-2.94537327195643 
0.885205	8.34259	0.009460449	-2.94538915893838 
0.888247	8.341675	0.009460449	-2.94534149624895 
0.891289	8.34259	0.009155273	-2.95962959805299 
0.894331	8.342285	0.009155273	-2.95961371107104 
0.897373	8.34259	0.009155273	-2.95962959805299 
0.900415	8.342285	0.009460449	-2.94537327195643 
0.903457	8.341675	0.009460449	-2.94534149624895 
0.906499	8.34259	0.009460449	-2.94538915893838 
0.909541	8.342285	0.009155273	-2.95961371107104 
0.912583	8.342285	0.009155273	-2.95961371107104 
